5470081018689727549812762366778813120759545208772198689347522729679707123087319324753474667198018228535202120004861731443216457462110069746884276685082515
7282436895782317490414924682411053301384641787993535851976997934109472384039683604759629648322788038744584952697231902950240185553723929927626012184126421
4116556512627453967080846092215803973836795497943882381435200110323213974084710569198647792399365974118773355188911788967990198593581474415302583700059921
3784597237942441649322768057347809464815064062238007627077352072659712602322158642192942411418134891229745134816886794083878430619548773564519174539667364
7389611615882749199195905660281588384349553468256814140331296415366020464796215955648019445347561095102839673481259732260067741390666005410218453165306461
3476851422229375951041676451802352099168046209882020705701950516343287779410417723282776580647229197095056878800957357063140249362841948558177105442662651
6306436447918911914859214736196415996263082347623099351457796639530021761978784948530953851786750835385503704979466608318256749741394957030831022123081961
3918670183140023055822797829369070215617557626756453223792971297543678181483327563707709325354241977370635291730621241612186161345291234125452808939927694
7389611615882749199195905660281588384349553468256814140331296415366020464796215955648019445347561095102839673481259732260067741390666005410218453165306461
6323643329010016673682707878431553015458868254039149234028004012414062599904403283406648159449419673287886527493613694621232944290883340993804395957930859
3784597237942441649322768057347809464815064062238007627077352072659712602322158642192942411418134891229745134816886794083878430619548773564519174539667364
4116556512627453967080846092215803973836795497943882381435200110323213974084710569198647792399365974118773355188911788967990198593581474415302583700059921
---
3046314018369013764006364529705526946134440446519536692831212404416580048068242095075035568183002524401782361000210212402575021979649851599519840426252033
---
7603679478225007162393802320292616524546965196630814661291029333351727288959018152847794069597776012639798933657965908280573206946450550797322545463313111
---
3970377647776299097757775332624811144050906585625301494508417655055868177812834591466744019269599374330916419511496939542666463557828352619060436598627361
