6744698711095427637908065025236966988923796368517968220200433208987945101383404159608593774774480745058708042131513655084676946389838839285265270482703364
6441512819716323814178154843299672470787916063279731470256792055195582523785682792083103303432221186876616878648306604802497638698788887711270316004683541
498112037012602636899168481728672705944426337627810623656118474540097654351404157430581377267838627788448362201783411110202721701393686079900565636971013
6028547782284263563253591306633509890296618531259327359521958045777919015895545661449431689015044653727073693616860478483421002979771830735505687984541187
160998410650207556910757854534012351362429946315024578341222279203852472126433561968570406794478223478620099527963563736405213860621285991350808811385364
4461064764624333368747556792909942055944208302881519258505304744055266180360975584029712647408404027422593436483103268570035388743158293724247982909485891
6509127202709170921988112415359275805802111680710744014374626817481263919611311491909917064733916382980436940190233313568364353404503825561141984950217709
7017268589009904941489720026457409378464260985534839725635579000838890090961124248603917182959826720604417333918758939549098539991782001300573604004961262
1610469340250533129817414988983342827591984917669673347535701770792994265636168656273404093460691115161989359426192690420445123299330109629952705733083870
3338143628819563631308770301176844555383478974425422910329016150763939180392772947991932991472051601352876509592857595047711447955534585469006425988435208
498112037012602636899168481728672705944426337627810623656118474540097654351404157430581377267838627788448362201783411110202721701393686079900565636971013
6509127202709170921988112415359275805802111680710744014374626817481263919611311491909917064733916382980436940190233313568364353404503825561141984950217709
---
2581187798011873882842583721334197795069178826663416643484361296407027749376769155759088170563301566743627772551258645411319696736418963466999479377964273
---
7554446502076895454562744579697626159415181539391492302334737468492666055445820174445303243911909160994641161577148833466404541383256467995674071284488169
---
392734013585587904450701165903406217814830453895951385171324639282056948046001783698985048365935522165509842353882896672090619745939800722123797344334899
